369 97.6 1.3 339 399 green
337 97.9 0.6 320 355 green
340 98.4 0.7 320 350 green
337 95.6 1.2 320 354 green
350 98.8 0.4 340 360 green
358 102.5 1.9 348 368 green
455 94.5 0 423 488 red
345 102.5 0.0 338 353 red
341 100.0 2.8 318 363 red
383 99.7 0 313 453 red
346 98.7 0 318 373 orange
338 102.6 0 313 363 orange
376 94.3 0 353 399 orange
303 91.8 0.9 283 323 orange
338 91.2 0 323 353 orange
376 94.8 0 358 393 cyan
405 98.8 0.4 363 448 cyan
350 97.2 0 328 372 cyan
303 95.8 6 283 323 cyan
392 101 0.5 353 432 cyan
393 99.7 0 0 0 cyan
#324 84.1 0 290 358 cyan
350.5 98.3 2.1 343 369 cyan
337 90 1.3 327 346 purple
338 103.4 2.9 303 373 cyan
408 97.5 2 396 421 black
346 102.1 0 339 353 black
345 102.1 2.1 338 353 cyan
364 92.0 2.1 0 0  black
353 90.4 0 0 0 black
353 93.3 4.2 0 0 black
388 97.3 1.2 378 398 black
298 98 0 0 0 red  
298 100 0 0 0 red  
298 96 1 0 0 red  
298 99 0 0 0 orange
#298 84 3 0 0 orange
298 104 2 0 0 orange
298 103 5 0 0 cyan 
