285 88.0 2.5 267 303 red
333 71.7 0 313 353 red
258 73.7 1.0 243 273 red
344 78.2 1 337 352 orange
323 70.9 0.4 0 0  orange
315 73.4 0 299 331 orange
363 69.9 0 333 393 orange
312 72.3 0.8 293 331 orange
303 75.8 1.1 283 323 orange
327 72.8 0 302 352 orange
278 72.8 0.3 271 285 orange
313 72.5 0.1 274 353 orange
363 76.0 2.0 328 398 orange
263 72.6 0.6 253 273 orange
293 71.3 0 280 305 cyan
263 74.77 0.4 253 273 cyan
263 73.9 0.2 253 273 cyan
316 74.35 1.7 303 329 cyan
303 72.5 0.3 263 343 cyan
280 67.8 3.5 0 0  cyan
285 64 5 281 290 cyan
303 72.7 0 283 323 cyan
245 72.7 0.3 230 260 purple
280 66.3 0 276 283 black
293 65.8 0 283 303 black
268 69.2 0 253 283 black
292 72.1 0 273 311 black
286 72.4 0 279 294 black
298 70 0 0 0 red  
298 72 0 0 0 orange
298 73 0 0 0 orange
298 72 1 0 0 orange
298 72 0 0 0 cyan 
298 72 0 0 0 cyan 
298 73 0 0 0 cyan 
298 64 0 0 0 black
298 66 2 0 0 black
